UNITS MIL,1000;
EDIT proj;
ADD P2 :W0.000000  1034.684,595.895 532.070,595.895 532.070,553.589 1034.684,553.589;
ADD P2 :W0.000000  0.000,-36.064 489.764,-36.064 489.764,36.064 0.000,36.064;
ADD P2 :W0.000000  0.000,-36.064 0.000,36.064 -42.306,36.064 -42.306,-21.153 -21.153,-21.153 -21.153,-36.064;
ADD P2 :W0.000000  -42.306,538.678 -42.306,36.064 0.000,36.064 0.000,538.678;
ADD P2 :W0.000000  489.764,538.678 489.764,36.064 532.070,36.064 532.070,538.678;
ADD P2 :W0.000000  -42.306,21.153 -544.920,21.153 -544.920,-21.153 -42.306,-21.153;
ADD P2 :W0.000000  532.070,-21.153 532.070,36.064 489.764,36.064 489.764,-36.064 510.917,-36.064 510.917,-21.153;
ADD P2 :W0.000000  -42.306,595.895 -544.920,595.895 -544.920,553.589 -42.306,553.589;
ADD P2 :W0.000000  -42.306,595.895 -42.306,538.678 0.000,538.678 0.000,610.806 -21.153,610.806 -21.153,595.895;
ADD P2 :W0.000000  1034.684,21.153 532.070,21.153 532.070,-21.153 1034.684,-21.153;
ADD P2 :W0.000000  0.000,538.678 489.764,538.678 489.764,610.806 0.000,610.806;
ADD P2 :W0.000000  489.764,610.806 489.764,538.678 532.070,538.678 532.070,595.895 510.917,595.895 510.917,610.806;
SAVE;
